802 1201 400 1
0 1 408
0 23 147
1 2 226
1 25 147
2 3 157
2 40 304
3 4 232
3 48 336
4 5 267
4 49 336
5 6 154
5 50 336
6 7 300
6 33 262
7 8 350
7 34 262
8 9 185
8 37 274
9 10 109
9 38 274
10 11 215
10 51 362
11 12 181
11 41 327
12 13 122
12 42 327
13 14 155
13 43 327
14 15 220
14 45 327
15 16 484
15 28 198
16 17 199
16 31 198
17 18 121
17 32 198
18 19 166
18 54 370
19 20 281
19 26 178
20 21 243
20 27 178
21 22 225
21 56 376
22 57 376
23 24 283
23 71 310
24 25 125
24 72 310
25 39 157
26 27 281
26 55 192
27 58 217
28 29 267
28 47 129
29 30 181
29 67 249
30 31 36
30 69 249
31 32 199
32 53 172
33 34 300
33 63 168
34 35 12
35 36 270
35 64 156
36 37 80
36 89 268
37 38 185
38 81 222
39 40 226
39 73 153
40 75 153
41 42 181
41 52 35
42 43 122
43 44 39
44 45 116
44 95 259
45 46 19
46 47 201
46 96 259
47 65 120
48 49 232
48 76 121
49 50 267
50 61 94
51 52 215
51 82 134
52 83 134
53 54 121
53 70 77
54 55 166
55 84 126
56 57 225
56 60 19
57 129 421
58 59 125
58 86 101
59 60 118
59 127 402
60 128 402
61 62 142
61 80 27
62 63 12
62 90 118
63 64 300
64 87 112
65 66 170
65 106 253
66 67 97
66 107 253
67 68 38
68 69 143
68 108 253
69 70 235
70 101 232
71 72 283
71 97 170
72 73 125
73 74 137
74 75 89
74 98 170
75 76 157
76 77 22
77 78 171
77 100 177
78 79 180
78 118 314
79 80 126
79 119 314
80 163 566
81 82 109
81 93 72
82 83 215
83 94 90
84 85 201
84 102 183
85 86 80
85 124 284
86 126 301
87 88 150
87 91 6
88 89 120
88 113 197
89 92 26
90 91 312
90 116 209
91 117 209
92 93 265
92 114 171
93 103 123
94 95 342
94 105 105
95 96 135
96 112 130
97 98 545
97 120 146
98 99 7
99 100 268
99 122 139
100 133 213
101 102 287
101 110 21
102 123 101
103 104 115
103 115 48
104 105 209
104 168 357
105 111 25
106 107 170
106 131 107
107 108 135
108 109 101
109 110 277
109 137 199
110 140 214
111 112 477
111 134 160
112 130 91
113 114 120
113 149 246
114 115 265
115 151 246
116 117 312
116 164 266
117 148 228
118 119 180
118 159 252
119 161 252
120 121 240
120 143 157
121 122 305
121 145 157
122 132 74
123 124 201
123 142 134
124 125 17
125 126 80
125 146 149
126 127 125
127 128 118
128 129 225
129 147 149
130 131 201
130 135 69
131 136 92
132 133 268
132 153 162
133 155 162
134 135 477
134 170 172
135 172 172
136 137 406
136 156 111
137 138 15
138 139 195
138 157 96
139 140 82
139 186 310
140 141 132
141 142 155
141 187 310
142 173 163
143 144 139
143 197 408
144 145 101
144 198 408
145 152 79
146 147 548
146 174 131
147 177 131
148 149 150
148 166 38
149 150 114
150 151 271
150 183 209
151 167 63
152 153 305
152 184 187
153 154 35
154 155 233
154 185 187
155 158 14
156 157 406
156 179 148
157 181 169
158 159 171
158 204 315
159 160 62
160 161 118
160 207 315
161 162 85
162 163 41
162 208 315
163 164 142
164 165 89
165 166 223
165 210 315
166 182 171
167 168 115
167 188 233
168 169 35
169 170 174
169 189 233
170 171 204
171 172 273
171 190 233
172 178 110
173 174 201
173 191 211
174 175 145
175 176 250
175 193 211
176 177 153
176 194 211
177 228 359
178 179 201
178 216 219
179 180 21
180 181 406
180 218 198
181 221 198
182 183 264
182 211 144
183 195 95
184 185 340
184 200 142
185 202 142
186 187 214
186 222 153
187 224 153
188 189 150
188 196 8
189 190 378
190 215 96
191 192 296
191 225 89
192 193 50
192 226 148
193 194 250
194 227 148
195 196 271
195 234 175
196 212 88
197 198 139
197 265 404
198 199 79
199 200 22
199 266 404
200 201 203
201 202 137
201 231 120
202 203 137
203 204 96
203 232 120
204 205 90
205 206 84
205 272 411
206 207 59
206 235 217
207 208 203
208 209 115
209 210 157
209 238 217
210 211 223
211 233 126
212 213 279
212 242 220
213 214 194
213 259 273
214 215 55
214 243 227
215 216 273
216 217 14
217 218 187
217 244 227
218 219 116
219 220 163
219 246 246
220 221 127
220 248 246
221 222 195
222 223 42
223 224 172
223 251 246
224 225 155
225 229 68
226 227 300
226 230 9
227 228 153
228 257 187
229 230 296
229 254 178
230 255 178
231 232 274
231 268 284
232 270 284
233 234 264
233 240 91
234 241 133
235 236 155
235 273 194
236 237 154
236 284 295
237 238 68
237 286 295
238 239 116
239 240 264
239 288 295
240 260 161
241 242 271
241 261 119
242 258 53
243 244 342
243 281 234
244 245 19
245 246 303
245 262 98
246 247 108
247 248 55
247 264 98
248 249 111
249 250 239
249 307 387
250 251 14
250 309 387
251 252 202
252 253 89
252 310 387
253 254 36
253 274 188
254 255 296
255 256 8
256 257 445
256 275 188
257 277 188
258 259 279
258 278 188
259 279 188
260 261 264
260 289 134
261 291 134
262 263 157
262 282 117
263 264 254
263 303 289
264 305 289
265 266 218
265 296 258
266 267 1
267 268 224
267 297 258
268 269 78
269 270 196
269 298 258
270 271 7
271 272 186
271 323 350
272 273 84
273 283 101
274 275 340
274 311 199
275 276 31
276 277 414
276 294 150
277 295 150
278 279 279
278 293 12
279 280 84
280 281 110
280 300 172
281 282 342
282 301 172
283 284 155
283 325 249
284 285 53
285 286 101
285 338 315
286 287 107
287 288 77
287 312 162
288 289 264
289 290 141
290 291 123
290 313 162
291 292 118
292 293 153
292 327 259
293 299 160
294 295 414
294 321 100
295 322 100
296 297 219
296 331 147
297 298 302
298 334 147
299 300 363
299 343 220
300 314 3
301 302 123
301 316 3
302 303 34
302 380 474
303 304 102
304 305 152
304 353 314
305 306 62
306 307 104
306 354 314
307 308 180
308 309 59
308 317 51
309 310 216
310 311 89
311 318 51
312 313 482
312 328 113
313 326 97
314 315 59
314 344 217
315 316 393
315 345 217
316 347 230
317 318 364
317 348 199
318 319 14
319 320 347
319 350 199
320 321 10
320 340 148
321 322 414
322 342 148
323 324 71
323 336 48
324 325 199
324 398 405
325 337 66
326 327 241
326 330 16
327 360 242
328 329 150
328 339 40
329 330 332
329 355 216
330 356 216
331 332 197
331 401 364
332 333 173
332 402 364
333 334 151
333 394 357
334 335 25
335 336 171
335 395 357
336 397 357
337 338 208
337 362 224
338 339 208
339 365 224
340 341 131
340 352 51
341 342 293
341 392 275
342 393 275
343 344 363
343 361 121
344 345 59
345 346 13
346 347 393
346 367 173
347 379 241
348 349 259
348 358 85
349 350 119
349 387 224
350 351 71
351 352 276
351 388 224
352 390 224
353 354 214
353 381 160
354 357 21
355 356 332
355 370 92
356 359 10
357 358 284
357 383 139
358 385 139
359 360 241
359 372 82
360 361 153
361 366 65
362 363 199
362 400 115
363 364 71
363 406 218
364 365 146
364 462 532
365 368 44
366 367 422
366 373 68
367 376 68
368 369 115
368 463 488
369 370 35
369 433 353
370 371 184
371 372 148
371 434 353
372 403 113
373 374 187
373 404 62
374 375 126
374 456 434
375 376 109
375 457 434
376 377 36
377 378 255
377 423 287
378 379 102
378 414 186
379 380 123
380 381 136
381 382 8
382 383 206
382 415 186
383 384 200
384 385 84
384 409 183
385 386 200
386 387 59
386 411 183
387 388 190
388 389 117
389 390 159
389 413 183
390 391 85
391 392 46
391 421 261
392 393 293
393 422 261
394 395 176
394 418 172
395 396 42
396 397 129
396 441 312
397 398 71
398 399 75
399 400 124
399 442 312
400 405 103
401 402 197
401 416 165
402 417 165
403 404 394
403 407 110
404 408 110
405 406 199
405 459 314
406 460 314
407 408 394
407 429 124
408 432 124
409 410 262
409 420 34
410 411 22
410 443 156
411 412 188
412 413 178
412 444 156
413 435 127
414 415 369
414 425 101
415 419 31
416 417 197
416 445 212
417 418 173
418 440 140
419 420 406
419 428 70
420 439 95
421 422 339
421 437 49
422 454 170
423 424 207
423 458 147
424 425 48
424 465 162
425 426 69
426 427 117
426 514 517
427 428 183
427 515 517
428 438 25
429 430 130
429 479 296
430 431 166
430 490 354
431 432 98
431 491 354
432 455 138
433 434 219
433 477 290
434 478 290
435 436 159
435 472 271
436 437 85
436 452 121
437 453 121
438 439 406
438 466 142
439 450 112
440 441 218
440 446 72
441 442 275
442 449 80
443 444 210
443 451 85
444 471 242
445 446 370
445 469 120
446 447 8
447 448 153
447 470 112
448 449 340
448 486 204
449 488 204
450 451 262
450 468 30
451 501 311
452 453 85
452 474 150
453 454 339
454 475 150
455 456 187
455 482 180
456 457 126
457 458 145
458 464 15
459 460 199
459 480 164
460 461 14
461 462 57
461 481 164
462 463 146
463 476 155
464 465 207
464 484 165
465 529 458
466 467 193
466 517 350
467 468 213
467 518 350
468 499 281
469 470 370
469 493 156
470 485 92
471 472 178
471 503 154
472 473 104
473 474 55
473 505 154
474 475 424
475 509 154
476 477 115
476 510 170
477 478 219
478 479 148
479 489 58
480 481 213
480 498 133
481 525 296
482 483 223
482 492 36
483 484 235
483 534 311
484 527 293
485 486 153
485 495 64
486 487 1
487 488 339
487 496 118
488 497 118
489 490 130
489 511 112
490 491 166
491 492 98
492 513 122
493 494 215
493 547 379
494 495 155
494 548 379
495 549 379
496 497 339
496 531 180
497 498 124
498 532 180
499 500 200
499 519 69
500 501 62
500 567 420
501 502 136
502 503 74
502 569 420
503 504 79
504 505 203
504 536 240
505 506 21
506 507 228
506 537 240
507 508 146
507 544 285
508 509 84
508 572 458
509 573 458
510 511 482
510 520 93
511 512 10
512 513 394
512 522 83
513 524 123
514 515 117
514 530 103
515 516 146
516 517 37
516 540 210
517 518 193
518 519 213
519 542 210
520 521 122
520 526 42
521 522 360
521 559 204
522 523 40
523 524 394
523 561 164
524 533 30
525 526 203
525 556 162
526 558 162
527 528 101
527 535 18
528 529 106
528 545 131
529 530 117
530 538 107
531 532 463
531 551 145
532 554 145
533 534 223
533 563 134
534 535 235
535 565 134
536 537 224
536 570 180
537 543 45
538 539 231
538 546 24
539 540 32
539 577 211
540 541 253
541 542 190
541 579 211
542 566 141
543 544 228
543 575 192
544 571 173
545 546 223
545 604 340
546 576 187
547 548 215
547 586 203
548 549 155
549 550 53
550 551 101
550 589 203
551 552 168
552 553 160
552 601 306
553 554 135
553 598 241
554 555 163
555 556 50
555 592 215
556 557 170
557 558 33
557 593 215
558 559 122
559 560 176
560 561 184
560 595 215
561 562 136
562 563 258
562 581 189
563 564 144
564 565 314
564 583 189
565 585 189
566 567 200
566 580 70
567 568 98
568 569 100
568 614 223
569 570 153
570 574 57
571 572 146
571 591 78
572 573 84
573 633 312
574 575 224
574 615 166
575 590 59
576 577 231
576 607 153
577 578 188
578 579 97
578 610 153
579 580 190
580 612 153
581 582 288
581 597 26
582 583 114
582 625 252
583 584 57
584 585 257
584 627 252
585 603 130
586 587 86
586 670 552
587 588 221
587 640 312
588 589 116
588 636 295
589 600 103
590 591 228
590 630 234
591 631 234
592 593 220
592 599 26
593 594 58
594 595 273
594 619 226
595 596 101
596 597 219
596 621 226
597 623 226
598 599 298
598 602 65
599 617 200
600 601 269
600 637 192
601 602 160
602 616 135
603 604 101
603 628 122
604 605 128
605 606 57
605 658 307
606 607 38
606 687 441
607 608 131
608 609 88
608 688 441
609 610 200
609 634 178
610 611 280
611 612 7
611 635 178
612 613 243
613 614 55
613 654 299
614 615 253
615 629 127
616 617 298
616 639 57
617 618 14
618 619 264
618 642 92
619 620 214
620 621 160
620 644 92
621 622 68
622 623 151
622 683 314
623 624 66
624 625 222
624 645 107
625 626 154
626 627 17
626 647 107
627 628 257
628 649 177
629 630 224
629 655 172
630 631 228
631 632 28
632 633 202
632 663 199
633 697 392
634 635 480
634 650 121
635 652 121
636 637 116
636 641 17
637 638 279
638 639 150
638 660 132
639 664 148
640 641 221
640 671 240
641 659 115
642 643 340
642 665 113
643 644 138
643 680 222
644 681 222
645 646 230
645 684 207
646 647 146
646 691 270
647 648 70
648 649 274
648 668 102
649 656 8
650 651 322
650 666 98
651 652 158
651 667 98
652 653 174
653 654 76
653 694 205
654 655 308
655 661 27
656 657 152
656 669 94
657 658 77
657 685 134
658 686 134
659 660 395
659 673 125
660 675 125
661 662 228
661 695 178
662 663 252
662 699 206
663 696 193
664 665 312
664 676 109
665 678 109
666 667 322
666 689 44
667 702 168
668 669 274
668 693 98
669 718 261
670 671 86
670 744 367
671 672 103
672 673 118
672 715 221
673 674 299
674 675 96
674 707 186
675 676 150
676 677 208
677 678 104
677 709 186
678 679 141
679 680 199
679 710 186
680 681 138
681 682 85
682 683 143
682 712 186
683 684 217
684 690 63
685 686 77
685 719 221
686 687 57
687 688 169
688 689 88
689 722 221
690 691 230
690 714 123
691 692 60
692 693 86
692 725 209
693 726 209
694 695 384
694 703 61
695 698 28
696 697 202
696 701 44
697 737 248
698 699 228
698 706 86
699 700 31
700 701 252
700 734 204
701 736 204
702 703 332
702 724 97
703 704 53
704 705 136
704 731 91
705 706 248
705 762 292
706 738 167
707 708 391
707 717 35
708 709 63
708 733 95
709 710 245
710 711 168
711 712 254
711 740 166
712 713 159
713 714 201
713 741 166
714 743 166
715 716 68
715 745 146
716 717 349
716 746 146
717 732 60
718 719 152
718 728 46
719 720 167
720 721 193
720 755 202
721 722 31
721 756 202
722 723 125
723 724 197
723 794 476
724 729 47
725 726 86
725 748 102
726 727 180
727 728 94
727 777 288
728 753 156
729 730 160
729 795 429
730 731 172
730 796 429
731 797 429
732 733 391
732 752 105
733 749 100
734 735 154
734 739 18
735 736 98
735 780 240
736 737 202
737 781 240
738 739 228
738 763 125
739 779 222
740 741 413
740 750 29
741 742 25
742 743 176
742 761 119
743 747 22
744 745 189
744 764 155
745 746 68
746 751 19
747 748 290
747 772 168
748 773 168
749 750 476
749 757 90
750 760 90
751 752 349
751 765 136
752 767 136
753 754 133
753 778 132
754 755 186
754 774 122
755 756 193
756 775 122
757 758 235
757 769 51
758 759 234
758 786 231
759 760 7
759 770 57
760 761 438
761 771 57
762 763 248
762 798 228
763 799 228
764 765 257
764 782 180
765 766 11
766 767 338
766 783 180
767 768 80
768 769 311
768 784 180
769 785 180
770 771 445
770 787 174
771 788 174
772 773 290
772 789 160
773 776 18
774 775 379
774 792 152
775 793 152
776 777 266
776 790 142
777 778 94
778 791 142
779 780 154
779 800 131
780 781 300
781 801 131
782 783 268
783 784 418
784 785 311
785 786 235
786 787 234
787 788 445
788 789 176
789 790 290
790 791 360
791 792 133
792 793 379
793 794 156
794 795 197
795 796 160
796 797 172
797 798 136
798 799 248
799 800 228
800 801 454
1 23
5 0 1 25 24 23
5 1 2 40 39 25
6 2 3 48 76 75 40
4 3 4 49 48
4 4 5 50 49
7 5 6 33 63 62 61 50
4 6 7 34 33
6 7 8 37 36 35 34
4 8 9 38 37
6 9 10 51 82 81 38
5 10 11 41 52 51
4 11 12 42 41
4 12 13 43 42
5 13 14 45 44 43
6 14 15 28 47 46 45
6 15 16 31 30 29 28
4 16 17 32 31
5 17 18 54 53 32
5 18 19 26 55 54
4 19 20 27 26
7 20 21 56 60 59 58 27
4 21 22 57 56
4 23 24 72 71
5 24 25 39 73 72
7 26 27 58 86 85 84 55
6 28 29 67 66 65 47
5 29 30 69 68 67
6 30 31 32 53 70 69
5 33 34 35 64 63
6 35 36 89 88 87 64
7 36 37 38 81 93 92 89
5 39 40 75 74 73
8 41 42 43 44 95 94 83 52
5 44 45 46 96 95
8 46 47 65 106 131 130 112 96
9 48 49 50 61 80 79 78 77 76
4 51 52 83 82
7 53 54 55 84 102 101 70
5 56 57 129 128 60
5 58 59 127 126 86
4 59 60 128 127
7 61 62 90 116 164 163 80
6 62 63 64 87 91 90
4 65 66 107 106
5 66 67 68 108 107
7 68 69 70 101 110 109 108
6 71 72 73 74 98 97
7 74 75 76 77 100 99 98
8 77 78 118 159 158 155 133 100
4 78 79 119 118
6 79 80 163 162 161 119
8 81 82 83 94 105 104 103 93
5 84 85 124 123 102
5 85 86 126 125 124
7 87 88 113 149 148 117 91
5 88 89 92 114 113
4 90 91 117 116
5 92 93 103 115 114
6 94 95 96 112 111 105
6 97 98 99 122 121 120
5 99 100 133 132 122
7 101 102 123 142 141 140 110
6 103 104 168 167 151 115
7 104 105 111 134 170 169 168
7 106 107 108 109 137 136 131
6 109 110 140 139 138 137
5 111 112 130 135 134
6 113 114 115 151 150 149
6 116 117 148 166 165 164
5 118 119 161 160 159
5 120 121 145 144 143
6 121 122 132 153 152 145
7 123 124 125 146 174 173 142
7 125 126 127 128 129 147 146
8 130 131 136 156 179 178 172 135
5 132 133 155 154 153
5 134 135 172 171 170
5 136 137 138 157 156
7 138 139 186 222 221 181 157
5 139 140 141 187 186
7 141 142 173 191 225 224 187
4 143 144 198 197
7 144 145 152 184 200 199 198
6 146 147 177 176 175 174
6 148 149 150 183 182 166
7 150 151 167 188 196 195 183
5 152 153 154 185 184
7 154 155 158 204 203 202 185
5 156 157 181 180 179
7 158 159 160 207 206 205 204
5 160 161 162 208 207
7 162 163 164 165 210 209 208
5 165 166 182 211 210
5 167 168 169 189 188
5 169 170 171 190 189
6 171 172 178 216 215 190
6 173 174 175 193 192 191
4 175 176 194 193
5 176 177 228 227 194
6 178 179 180 218 217 216
6 180 181 221 220 219 218
6 182 183 195 234 233 211
5 184 185 202 201 200
5 186 187 224 223 222
8 188 189 190 215 214 213 212 196
6 191 192 226 230 229 225
5 192 193 194 227 226
6 195 196 212 242 241 234
5 197 198 199 266 265
7 199 200 201 231 268 267 266
5 201 202 203 232 231
7 203 204 205 272 271 270 232
5 205 206 235 273 272
8 206 207 208 209 238 237 236 235
7 209 210 211 233 240 239 238
5 212 213 259 258 242
7 213 214 243 281 280 279 259
6 214 215 216 217 244 243
6 217 218 219 246 245 244
5 219 220 248 247 246
8 220 221 222 223 251 250 249 248
8 223 224 225 229 254 253 252 251
7 226 227 228 257 256 255 230
4 229 230 255 254
5 231 232 270 269 268
6 233 234 241 261 260 240
5 235 236 284 283 273
5 236 237 286 285 284
6 237 238 239 288 287 286
5 239 240 260 289 288
8 241 242 258 278 293 292 291 261
6 243 244 245 262 282 281
6 245 246 247 264 263 262
7 247 248 249 307 306 305 264
5 249 250 309 308 307
5 250 251 252 310 309
5 252 253 274 311 310
6 253 254 255 256 275 274
5 256 257 277 276 275
4 258 259 279 278
5 260 261 291 290 289
6 262 263 303 302 301 282
5 263 264 305 304 303
5 265 266 267 297 296
5 267 268 269 298 297
8 269 270 271 323 336 335 334 298
7 271 272 273 283 325 324 323
9 274 275 276 294 321 320 319 318 311
4 276 277 295 294
6 278 279 280 300 299 293
8 280 281 282 301 316 315 314 300
6 283 284 285 338 337 325
7 285 286 287 312 328 339 338
6 287 288 289 290 313 312
6 290 291 292 327 326 313
7 292 293 299 343 361 360 327
4 294 295 322 321
7 296 297 298 334 333 332 331
5 299 300 314 344 343
6 301 302 380 379 347 316
6 302 303 304 353 381 380
5 304 305 306 354 353
8 306 307 308 317 348 358 357 354
6 308 309 310 311 318 317
6 312 313 326 330 329 328
4 314 315 345 344
5 315 316 347 346 345
6 317 318 319 350 349 348
6 319 320 340 352 351 350
6 320 321 322 342 341 340
5 323 324 398 397 336
7 324 325 337 362 400 399 398
6 326 327 360 359 356 330
8 328 329 355 370 369 368 365 339
4 329 330 356 355
4 331 332 402 401
6 332 333 394 418 417 402
5 333 334 335 395 394
5 335 336 397 396 395
7 337 338 339 365 364 363 362
6 340 341 392 391 390 352
4 341 342 393 392
7 343 344 345 346 367 366 361
7 346 347 379 378 377 376 367
6 348 349 387 386 385 358
5 349 350 351 388 387
5 351 352 390 389 388
6 353 354 357 383 382 381
6 355 356 359 372 371 370
5 357 358 385 384 383
8 359 360 361 366 373 404 403 372
5 362 363 406 405 400
6 363 364 462 461 460 406
5 364 365 368 463 462
6 366 367 376 375 374 373
6 368 369 433 477 476 463
5 369 370 371 434 433
8 371 372 403 407 429 479 478 434
7 373 374 456 455 432 408 404
4 374 375 457 456
6 375 376 377 423 458 457
6 377 378 414 425 424 423
7 378 379 380 381 382 415 414
7 382 383 384 409 420 419 415
6 384 385 386 411 410 409
7 386 387 388 389 413 412 411
8 389 390 391 421 437 436 435 413
5 391 392 393 422 421
6 394 395 396 441 440 418
6 396 397 398 399 442 441
10 399 400 405 459 480 498 497 488 449 442
4 401 402 417 416
4 403 404 408 407
4 405 406 460 459
6 407 408 432 431 430 429
7 409 410 443 451 450 439 420
5 410 411 412 444 443
6 412 413 435 472 471 444
7 414 415 419 428 427 426 425
6 416 417 418 440 446 445
5 419 420 439 438 428
5 421 422 454 453 437
5 423 424 465 464 458
7 424 425 426 514 530 529 465
4 426 427 515 514
7 427 428 438 466 517 516 515
5 429 430 490 489 479
4 430 431 491 490
6 431 432 455 482 492 491
4 433 434 478 477
6 435 436 452 474 473 472
4 436 437 453 452
6 438 439 450 468 467 466
7 440 441 442 449 448 447 446
7 443 444 471 503 502 501 451
5 445 446 447 470 469
5 447 448 486 485 470
5 448 449 488 487 486
6 450 451 501 500 499 468
5 452 453 454 475 474
8 455 456 457 458 464 484 483 482
5 459 460 461 481 480
9 461 462 463 476 510 520 526 525 481
6 464 465 529 528 527 484
4 466 467 518 517
5 467 468 499 519 518
6 469 470 485 495 494 493
6 471 472 473 505 504 503
8 473 474 475 509 508 507 506 505
7 476 477 478 479 489 511 510
8 480 481 525 556 555 554 532 498
7 482 483 534 533 524 513 492
5 483 484 527 535 534
9 485 486 487 496 531 551 550 549 495
4 487 488 497 496
7 489 490 491 492 513 512 511
4 493 494 548 547
4 494 495 549 548
5 496 497 498 532 531
6 499 500 567 566 542 519
6 500 501 502 569 568 567
6 502 503 504 536 570 569
5 504 505 506 537 536
5 506 507 544 543 537
5 507 508 572 571 544
4 508 509 573 572
6 510 511 512 522 521 520
5 512 513 524 523 522
7 514 515 516 540 539 538 530
7 516 517 518 519 542 541 540
5 520 521 559 558 526
6 521 522 523 561 560 559
6 523 524 533 563 562 561
5 525 526 558 557 556
8 527 528 545 604 603 585 565 535
6 528 529 530 538 546 545
6 531 532 554 553 552 551
6 533 534 535 565 564 563
6 536 537 543 575 574 570
5 538 539 577 576 546
6 539 540 541 579 578 577
5 541 542 566 580 579
6 543 544 571 591 590 575
7 545 546 576 607 606 605 604
8 547 548 549 550 589 588 587 586
6 550 551 552 601 600 589
5 552 553 598 602 601
6 553 554 555 592 599 598
5 555 556 557 593 592
7 557 558 559 560 595 594 593
7 560 561 562 581 597 596 595
6 562 563 564 583 582 581
5 564 565 585 584 583
7 566 567 568 614 613 612 580
6 568 569 570 574 615 614
7 571 572 573 633 632 631 591
6 574 575 590 630 629 615
7 576 577 578 610 609 608 607
6 578 579 580 612 611 610
6 581 582 625 624 623 597
6 582 583 584 627 626 625
5 584 585 603 628 627
5 586 587 640 671 670
5 587 588 636 641 640
5 588 589 600 637 636
4 590 591 631 630
7 592 593 594 619 618 617 599
6 594 595 596 621 620 619
5 596 597 623 622 621
5 598 599 617 616 602
7 600 601 602 616 639 638 637
8 603 604 605 658 657 656 649 628
5 605 606 687 686 658
5 606 607 608 688 687
7 608 609 634 650 666 689 688
5 609 610 611 635 634
7 611 612 613 654 653 652 635
6 613 614 615 629 655 654
7 616 617 618 642 665 664 639
6 618 619 620 644 643 642
7 620 621 622 683 682 681 644
6 622 623 624 645 684 683
6 624 625 626 647 646 645
6 626 627 628 649 648 647
8 629 630 631 632 663 662 661 655
5 632 633 697 696 663
5 634 635 652 651 650
6 636 637 638 660 659 641
6 638 639 664 676 675 660
6 640 641 659 673 672 671
6 642 643 680 679 678 665
4 643 644 681 680
5 645 646 691 690 684
7 646 647 648 668 693 692 691
5 648 649 656 669 668
4 650 651 667 666
7 651 652 653 694 703 702 667
6 653 654 655 661 695 694
6 656 657 685 719 718 669
4 657 658 686 685
5 659 660 675 674 673
5 661 662 699 698 695
6 662 663 696 701 700 699
5 664 665 678 677 676
7 666 667 702 724 723 722 689
7 668 669 718 728 727 726 693
6 670 671 672 715 745 744
7 672 673 674 707 717 716 715
7 674 675 676 677 709 708 707
5 677 678 679 710 709
7 679 680 681 682 712 711 710
7 682 683 684 690 714 713 712
9 685 686 687 688 689 722 721 720 719
8 690 691 692 725 748 747 743 714
4 692 693 726 725
7 694 695 698 706 705 704 703
5 696 697 737 736 701
7 698 699 700 734 739 738 706
5 700 701 736 735 734
7 702 703 704 731 730 729 724
6 704 705 762 798 797 731
5 705 706 738 763 762
5 707 708 733 732 717
8 708 709 710 711 740 750 749 733
5 711 712 713 741 740
5 713 714 743 742 741
4 715 716 746 745
6 716 717 732 752 751 746
7 718 719 720 755 754 753 728
4 720 721 756 755
7 721 722 723 794 793 775 756
5 723 724 729 795 794
7 725 726 727 777 776 773 748
5 727 728 753 778 777
4 729 730 796 795
4 730 731 797 796
8 732 733 749 757 769 768 767 752
5 734 735 780 779 739
5 735 736 737 781 780
6 738 739 779 800 799 763
6 740 741 742 761 760 750
8 742 743 747 772 789 788 771 761
6 744 745 746 751 765 764
4 747 748 773 772
6 749 750 760 759 758 757
5 751 752 767 766 765
6 753 754 774 792 791 778
5 754 755 756 775 774
5 757 758 786 785 769
5 758 759 770 787 786
5 759 760 761 771 770
4 762 763 799 798
5 764 765 766 783 782
5 766 767 768 784 783
4 768 769 785 784
4 770 771 788 787
5 772 773 776 790 789
4 774 775 793 792
5 776 777 778 791 790
5 779 780 781 801 800