62 91 30 2
0 1 1290
0 7 457
1 2 454
1 9 457
2 3 535
2 12 1023
3 4 1002
3 17 1377
4 5 970
4 19 1377
5 6 749
5 20 1377
6 24 1623
7 8 813
7 13 881
8 9 477
8 10 566
9 11 566
10 11 477
10 14 315
11 12 454
12 16 315
13 14 813
13 29 687
14 15 174
15 16 757
15 25 512
16 26 512
17 18 815
17 28 473
18 19 187
18 21 246
19 20 970
20 22 246
21 22 1157
21 33 861
22 23 80
23 24 669
23 35 861
24 36 861
25 26 757
25 30 175
26 27 141
27 28 394
27 43 1693
28 31 634
29 30 987
29 40 1518
30 42 1518
31 32 458
31 44 1059
32 33 357
32 45 1059
33 34 673
34 35 564
34 37 735
35 36 669
36 39 735
37 38 551
37 47 643
38 39 682
38 48 643
39 61 1781
40 41 852
40 52 755
41 42 135
41 49 441
42 43 898
43 44 394
44 45 458
45 46 319
46 47 1030
46 51 122
47 48 551
48 56 607
49 50 1235
49 53 314
50 51 650
50 54 314
51 55 485
52 53 852
52 57 702
53 54 1235
54 58 702
55 56 1581
55 59 531
56 60 531
57 58 2087
58 59 650
59 60 1581
60 61 682
1 37
5 0 1 9 8 7
5 1 2 12 11 9
8 2 3 17 28 27 26 16 12
5 3 4 19 18 17
4 4 5 20 19
6 5 6 24 23 22 20
5 7 8 10 14 13
4 8 9 11 10
6 10 11 12 16 15 14
6 13 14 15 25 30 29
4 15 16 26 25
7 17 18 21 33 32 31 28
5 18 19 20 22 21
6 21 22 23 35 34 33
4 23 24 36 35
6 25 26 27 43 42 30
5 27 28 31 44 43
5 29 30 42 41 40
4 31 32 45 44
7 32 33 34 37 47 46 45
6 34 35 36 39 38 37
4 37 38 48 47
6 38 39 61 60 56 48
5 40 41 49 53 52
9 41 42 43 44 45 46 51 50 49
6 46 47 48 56 55 51
4 49 50 54 53
6 50 51 55 59 58 54
5 52 53 54 58 57
4 55 56 60 59