202 301 100 1
0 1 791
0 14 457
1 2 499
1 16 457
2 3 454
2 18 457
3 4 535
3 34 985
4 5 324
4 35 985
5 6 678
5 11 327
6 7 683
6 13 327
7 8 287
7 24 700
8 9 281
8 19 496
9 10 468
9 21 496
10 30 797
11 12 477
11 43 721
12 13 201
12 44 721
13 22 373
14 15 545
14 25 316
15 16 246
15 27 316
16 17 22
17 18 477
17 38 552
18 40 566
19 20 201
19 33 418
20 21 80
20 28 301
21 29 301
22 23 406
22 57 677
23 24 277
23 31 214
24 32 214
25 26 240
25 48 565
26 27 305
26 36 236
27 37 236
28 29 80
28 46 280
29 30 468
30 47 280
31 32 277
31 58 463
32 33 287
33 45 163
34 35 535
34 41 38
35 42 63
36 37 305
36 49 329
37 38 268
38 39 14
39 40 477
39 51 315
40 41 454
41 53 315
42 43 324
42 54 329
43 44 477
44 55 329
45 46 201
45 59 300
46 47 548
47 63 546
48 49 240
48 64 404
49 50 477
50 51 96
50 65 404
51 52 174
52 53 757
52 68 512
53 70 512
54 55 801
54 66 461
55 56 14
56 57 187
56 60 246
57 58 406
58 59 564
59 62 246
60 61 1121
60 67 215
61 62 36
61 75 387
62 63 749
63 78 438
64 65 717
64 79 405
65 81 405
66 67 815
66 72 12
67 73 172
68 69 416
68 97 654
69 70 341
69 84 583
70 71 141
71 72 394
71 82 501
72 83 501
73 74 757
73 88 474
74 75 364
74 76 51
75 77 51
76 77 364
76 91 423
77 78 785
78 93 423
79 80 370
79 124 1396
80 81 347
80 94 357
81 95 357
82 83 394
82 85 82
83 86 133
84 85 482
84 105 488
85 110 643
86 87 458
86 133 1059
87 88 357
87 101 287
88 89 267
89 90 406
89 103 287
90 91 84
90 98 183
91 92 566
92 93 583
92 100 183
93 108 581
94 95 347
94 111 596
95 96 146
96 97 124
96 113 596
97 104 417
98 99 472
98 117 552
99 100 178
99 106 398
100 107 398
101 102 324
101 134 772
102 103 300
102 121 517
103 122 517
104 105 416
104 116 297
105 109 155
106 107 178
106 118 154
107 108 583
108 120 154
109 110 482
109 130 467
110 131 467
111 112 154
111 125 443
112 113 339
112 114 118
113 115 118
114 115 339
114 127 325
115 116 124
116 129 325
117 118 472
117 123 69
118 119 79
119 120 682
119 142 643
120 150 770
121 122 300
121 139 574
122 123 406
123 141 574
124 125 370
124 135 203
125 126 53
126 127 101
126 137 203
127 128 328
128 129 135
128 143 441
129 130 416
130 131 482
131 132 136
132 133 258
132 144 441
133 134 458
134 138 319
135 136 307
135 161 552
136 137 116
136 151 295
137 152 295
138 139 324
138 147 122
139 140 219
140 141 487
140 154 299
141 142 551
142 148 127
143 144 1169
143 153 57
144 145 66
145 146 376
145 165 314
146 147 274
146 168 377
147 173 540
148 149 480
148 157 172
149 150 202
149 160 199
150 181 640
151 152 116
151 162 257
152 153 429
153 164 257
154 155 322
154 174 363
155 156 332
155 175 363
156 157 384
156 198 839
157 158 27
158 159 228
158 199 812
159 160 252
159 179 441
160 180 441
161 162 307
161 188 522
162 163 299
163 164 246
163 169 186
164 165 1235
165 166 63
166 167 290
166 172 123
167 168 86
167 176 209
168 177 209
169 170 391
169 189 336
170 171 476
170 185 285
171 172 614
171 182 166
172 184 166
173 174 543
173 178 46
174 175 322
175 197 476
176 177 86
176 195 430
177 178 274
178 196 430
179 180 252
179 200 371
180 181 202
181 201 371
182 183 438
182 186 119
183 184 176
183 187 119
184 194 350
185 186 476
185 190 51
186 187 438
187 193 231
188 189 606
188 191 180
189 190 391
190 192 180
191 192 997
192 193 914
193 194 176
194 195 290
195 196 360
196 197 865
197 198 332
198 199 384
199 200 228
200 201 454
1 182
5 0 1 16 15 14
5 1 2 18 17 16
6 2 3 34 41 40 18
4 3 4 35 34
6 4 5 11 43 42 35
5 5 6 13 12 11
6 6 7 24 23 22 13
6 7 8 19 33 32 24
5 8 9 21 20 19
5 9 10 30 29 21
4 11 12 44 43
7 12 13 22 57 56 55 44
5 14 15 27 26 25
6 15 16 17 38 37 27
5 17 18 40 39 38
6 19 20 28 46 45 33
4 20 21 29 28
5 22 23 31 58 57
4 23 24 32 31
5 25 26 36 49 48
4 26 27 37 36
5 28 29 30 47 46
6 31 32 33 45 59 58
10 34 35 42 54 66 72 71 70 53 41
7 36 37 38 39 51 50 49
6 39 40 41 53 52 51
5 42 43 44 55 54
6 45 46 47 63 62 59
5 48 49 50 65 64
9 50 51 52 68 97 96 95 81 65
5 52 53 70 69 68
6 54 55 56 60 67 66
7 56 57 58 59 62 61 60
6 60 61 75 74 73 67
6 61 62 63 78 77 75
5 64 65 81 80 79
8 66 67 73 88 87 86 83 72
6 68 69 84 105 104 97
6 69 70 71 82 85 84
4 71 72 83 82
7 73 74 76 91 90 89 88
4 74 75 77 76
6 76 77 78 93 92 91
6 79 80 94 111 125 124
4 80 81 95 94
8 82 83 86 133 132 131 110 85
5 84 85 110 109 105
5 86 87 101 134 133
6 87 88 89 103 102 101
7 89 90 98 117 123 122 103
6 90 91 92 100 99 98
5 92 93 108 107 100
6 94 95 96 113 112 111
6 96 97 104 116 115 113
5 98 99 106 118 117
4 99 100 107 106
6 101 102 121 139 138 134
4 102 103 122 121
6 104 105 109 130 129 116
6 106 107 108 120 119 118
4 109 110 131 130
6 111 112 114 127 126 125
4 112 113 115 114
6 114 115 116 129 128 127
6 117 118 119 142 141 123
6 119 120 150 149 148 142
6 121 122 123 141 140 139
6 124 125 126 137 136 135
7 126 127 128 143 153 152 137
7 128 129 130 131 132 144 143
8 132 133 134 138 147 146 145 144
5 135 136 151 162 161
4 136 137 152 151
7 138 139 140 154 174 173 147
8 140 141 142 148 157 156 155 154
6 143 144 145 165 164 153
6 145 146 168 167 166 165
6 146 147 173 178 177 168
6 148 149 160 159 158 157
5 149 150 181 180 160
6 151 152 153 164 163 162
4 154 155 175 174
5 155 156 198 197 175
5 156 157 158 199 198
5 158 159 179 200 199
4 159 160 180 179
6 161 162 163 169 189 188
8 163 164 165 166 172 171 170 169
7 166 167 176 195 194 184 172
4 167 168 177 176
5 169 170 185 190 189
5 170 171 182 186 185
5 171 172 184 183 182
6 173 174 175 197 196 178
5 176 177 178 196 195
5 179 180 181 201 200
4 182 183 187 186
5 183 184 194 193 187
6 185 186 187 193 192 190
5 188 189 190 192 191