102 151 50 1
0 1 1290
0 8 457
1 2 454
1 10 457
2 3 535
2 15 1023
3 4 374
3 21 1377
4 5 628
4 22 1377
5 6 970
5 11 550
6 7 749
6 12 550
7 29 1623
8 9 813
8 16 881
9 10 477
9 13 566
10 14 566
11 12 970
11 24 827
12 25 827
13 14 477
13 18 315
14 15 454
15 20 315
16 17 717
16 41 809
17 18 96
17 43 809
18 19 174
19 20 757
19 30 512
20 32 512
21 22 374
21 34 473
22 23 441
23 24 187
23 26 246
24 25 970
25 28 246
26 27 1121
26 35 387
27 28 36
27 37 387
28 29 749
29 40 438
30 31 416
30 53 654
31 32 341
31 67 1693
32 33 141
33 34 394
33 68 1693
34 44 634
35 36 757
35 46 474
36 37 364
36 38 51
37 39 51
38 39 364
38 49 423
39 40 785
40 50 423
41 42 370
41 63 1396
42 43 347
42 51 357
43 52 357
44 45 458
44 69 1059
45 46 357
45 54 287
46 47 267
47 48 406
47 56 287
48 49 84
48 57 735
49 50 1149
50 59 735
51 52 347
51 64 1039
52 53 270
53 66 1039
54 55 324
54 70 772
55 56 300
55 60 517
56 61 517
57 58 551
57 62 69
58 59 682
58 75 643
59 101 1781
60 61 300
60 72 574
61 62 406
62 74 574
63 64 370
63 82 755
64 65 482
65 66 135
65 76 441
66 67 416
67 68 482
68 69 394
69 70 458
70 71 319
71 72 324
71 78 122
72 73 219
73 74 487
73 79 299
74 75 551
75 81 299
76 77 1235
76 84 314
77 78 650
77 85 314
78 89 540
79 80 322
79 90 363
80 81 716
80 91 363
81 100 839
82 83 606
82 92 522
83 84 246
83 86 186
84 85 1235
85 88 186
86 87 391
86 93 336
87 88 1090
87 94 336
88 97 516
89 90 543
89 98 476
90 91 322
91 99 476
92 93 606
92 95 180
93 94 391
94 96 180
95 96 997
96 97 1090
97 98 650
98 99 865
99 100 716
100 101 682
1 80
5 0 1 10 9 8
5 1 2 15 14 10
8 2 3 21 34 33 32 20 15
4 3 4 22 21
6 4 5 11 24 23 22
4 5 6 12 11
6 6 7 29 28 25 12
6 8 9 13 18 17 16
4 9 10 14 13
4 11 12 25 24
6 13 14 15 20 19 18
5 16 17 43 42 41
7 17 18 19 30 53 52 43
5 19 20 32 31 30
9 21 22 23 26 35 46 45 44 34
6 23 24 25 28 27 26
5 26 27 37 36 35
6 27 28 29 40 39 37
5 30 31 67 66 53
5 31 32 33 68 67
5 33 34 44 69 68
7 35 36 38 49 48 47 46
4 36 37 39 38
5 38 39 40 50 49
5 41 42 51 64 63
4 42 43 52 51
5 44 45 54 70 69
6 45 46 47 56 55 54
6 47 48 57 62 61 56
6 48 49 50 59 58 57
6 51 52 53 66 65 64
6 54 55 60 72 71 70
4 55 56 61 60
5 57 58 75 74 62
6 58 59 101 100 81 75
6 60 61 62 74 73 72
7 63 64 65 76 84 83 82
10 65 66 67 68 69 70 71 78 77 76
7 71 72 73 79 90 89 78
6 73 74 75 81 80 79
4 76 77 85 84
7 77 78 89 98 97 88 85
4 79 80 91 90
5 80 81 100 99 91
5 82 83 86 93 92
6 83 84 85 88 87 86
4 86 87 94 93
5 87 88 97 96 94
5 89 90 91 99 98
5 92 93 94 96 95