402 601 200 2
0 1 408
0 30 457
1 2 383
1 31 457
2 3 499
2 23 336
3 4 454
3 24 336
4 5 535
4 16 274
5 6 324
5 18 274
6 7 303
6 19 327
7 8 375
7 20 327
8 9 683
8 14 198
9 10 287
9 15 198
10 11 281
10 39 496
11 12 243
11 41 496
12 13 225
12 62 797
13 63 797
14 15 683
14 22 129
15 29 249
16 17 270
16 27 156
17 18 265
17 44 268
18 37 222
19 20 303
19 38 169
20 21 174
21 22 201
21 46 259
22 28 120
23 24 499
23 33 121
24 25 94
25 26 142
25 36 27
26 27 312
26 86 593
27 42 112
28 29 683
28 51 253
29 47 232
30 31 408
30 57 316
31 32 137
32 33 246
32 59 316
33 34 22
34 35 351
34 78 552
35 36 126
35 83 566
36 85 566
37 38 324
37 49 195
38 45 90
39 40 201
39 48 183
40 41 80
40 60 301
41 61 301
42 43 150
42 72 443
43 44 120
43 54 197
44 55 197
45 46 477
45 50 105
46 64 221
47 48 287
47 53 21
48 71 235
49 50 324
49 56 48
50 66 185
51 52 406
51 65 107
52 53 277
52 68 214
53 70 214
54 55 120
54 73 246
55 56 265
56 75 246
57 58 240
57 99 565
58 59 305
58 76 236
59 77 236
60 61 80
60 93 280
61 62 243
62 63 225
63 95 280
64 65 201
64 67 69
65 79 203
66 67 477
66 89 172
67 91 172
68 69 195
68 80 96
69 70 82
69 116 463
70 71 287
71 92 163
72 73 150
72 87 38
73 74 114
74 75 271
74 123 479
75 88 63
76 77 305
76 101 329
77 78 268
78 81 14
79 80 406
79 114 367
80 115 367
81 82 233
81 103 315
82 83 118
82 105 315
83 84 85
84 85 41
84 106 315
85 86 142
86 87 312
87 107 315
88 89 324
88 108 329
89 90 204
90 91 273
90 111 329
91 112 329
92 93 201
92 96 211
93 94 395
94 95 153
94 98 211
95 121 359
96 97 296
96 118 89
97 98 300
97 119 148
98 120 148
99 100 218
99 137 404
100 101 22
100 138 404
101 102 477
102 103 96
102 140 404
103 104 174
104 105 59
104 124 217
105 106 203
106 107 495
107 122 126
108 109 279
108 128 220
109 110 194
109 146 461
110 111 55
110 148 461
111 112 273
112 113 14
113 114 187
113 129 246
114 115 406
115 116 195
116 117 42
117 118 327
117 132 246
118 134 246
119 120 300
119 135 187
120 121 153
121 136 187
122 123 264
122 126 91
123 127 133
124 125 493
124 142 194
125 126 264
125 152 295
126 153 295
127 128 271
127 155 253
128 145 241
129 130 411
129 149 215
130 131 405
130 159 387
131 132 14
131 162 387
132 133 291
133 134 36
133 143 188
134 135 296
135 136 453
136 144 188
137 138 218
137 173 405
138 139 303
139 140 196
139 175 405
140 141 7
141 142 270
141 176 398
142 150 101
143 144 785
143 163 199
144 172 250
145 146 279
145 156 12
146 147 84
147 148 110
147 166 175
148 149 342
149 157 172
150 151 416
150 177 315
151 152 77
151 164 162
152 153 264
153 154 141
154 155 123
154 165 162
155 156 271
156 179 380
157 158 259
157 168 3
158 159 152
158 197 474
159 160 62
160 161 284
160 199 474
161 162 59
161 169 51
162 163 305
163 170 51
164 165 482
164 178 153
165 184 339
166 167 59
166 180 217
167 168 393
167 181 217
168 196 471
169 170 364
169 182 199
170 171 361
171 172 424
171 183 199
172 205 423
173 174 370
173 214 529
174 175 151
174 206 357
175 176 196
176 207 357
177 178 416
177 186 224
178 188 224
179 180 363
179 185 121
180 181 59
181 194 254
182 183 725
182 201 224
183 203 224
184 185 394
184 192 82
185 193 133
186 187 270
186 209 115
187 188 146
187 235 532
188 189 44
189 190 115
189 236 488
190 191 219
190 242 643
191 192 148
191 243 643
192 219 347
193 194 422
193 220 296
194 195 36
195 196 357
195 216 287
196 197 259
197 198 8
198 199 206
198 218 287
199 200 200
200 201 84
200 210 183
201 202 566
202 203 159
202 213 183
203 204 85
204 205 339
204 223 310
205 230 431
206 207 347
206 215 172
207 208 146
208 209 124
208 227 312
209 233 417
210 211 262
210 225 129
211 212 210
211 257 552
212 213 178
212 237 398
213 221 127
214 215 370
214 250 488
215 226 140
216 217 324
216 232 147
217 218 300
217 267 517
218 224 25
219 220 394
219 244 296
220 231 138
221 222 159
221 238 271
222 223 85
222 228 121
223 229 121
224 225 406
224 268 492
225 255 423
226 227 493
226 247 284
227 249 284
228 229 85
228 239 150
229 230 339
230 240 150
231 232 458
231 245 180
232 246 180
233 234 213
233 254 297
234 235 57
234 281 622
235 236 146
236 241 155
237 238 178
237 258 154
238 239 159
239 240 424
240 262 154
241 242 115
241 263 170
242 243 219
243 244 148
244 264 170
245 246 458
245 266 158
246 270 293
247 248 154
247 251 64
248 249 339
248 252 118
249 253 118
250 251 370
250 274 379
251 275 379
252 253 339
252 277 325
253 254 124
254 279 325
255 256 200
255 269 69
256 257 62
256 288 420
257 258 210
258 259 79
259 260 224
259 289 420
260 261 228
260 317 770
261 262 230
261 318 770
262 320 770
263 264 482
263 282 297
264 265 10
265 266 394
265 283 287
266 285 287
267 268 300
267 271 103
268 269 406
269 273 210
270 271 324
270 286 152
271 272 107
272 273 706
272 290 211
273 287 141
274 275 370
274 294 203
275 276 53
276 277 101
276 296 203
277 278 328
278 279 135
278 300 306
279 280 163
280 281 50
280 297 215
281 282 203
282 283 482
283 284 136
284 285 258
284 292 189
285 286 458
286 293 189
287 288 200
287 291 70
288 289 351
289 307 223
290 291 706
290 303 153
291 306 153
292 293 716
292 298 26
293 301 130
294 295 307
294 335 552
295 296 116
295 321 295
296 299 103
297 298 871
297 309 226
298 312 226
299 300 429
299 322 192
300 308 135
301 302 229
301 315 122
302 303 95
302 331 307
303 304 219
304 305 480
304 324 299
305 306 7
305 326 299
306 307 551
307 316 127
308 309 298
308 323 57
309 310 14
310 311 478
310 341 314
311 312 379
311 342 314
312 313 66
313 314 376
313 343 314
314 315 274
314 349 377
315 329 185
316 317 224
316 328 172
317 318 228
318 319 28
319 320 202
319 334 199
320 372 640
321 322 116
321 337 257
322 323 429
323 339 257
324 325 322
324 346 142
325 326 158
325 350 266
326 327 174
327 328 384
327 351 266
328 332 27
329 330 152
329 362 355
330 331 77
330 344 134
331 345 134
332 333 228
332 353 292
333 334 252
333 370 441
334 371 441
335 336 189
335 376 367
336 337 118
336 359 221
337 338 299
338 339 246
338 354 186
339 340 208
340 341 104
340 356 186
341 342 478
342 343 445
343 347 63
344 345 77
344 363 221
345 346 314
346 365 221
347 348 290
347 358 123
348 349 86
348 367 209
349 368 209
350 351 332
350 366 97
351 352 53
352 353 384
352 398 520
353 399 520
354 355 391
354 361 35
355 356 63
355 381 285
356 357 413
357 358 614
357 373 166
358 375 166
359 360 68
359 377 146
360 361 349
360 378 146
361 387 301
362 363 152
362 369 46
363 364 360
364 365 31
364 380 202
365 366 322
366 397 476
367 368 86
367 394 430
368 369 274
369 379 156
370 371 252
370 400 371
371 372 202
372 401 371
373 374 438
373 383 119
374 375 176
374 384 119
375 393 350
376 377 189
376 385 155
377 378 68
378 386 155
379 380 512
379 395 274
380 396 274
381 382 469
381 388 51
382 383 7
382 391 231
383 384 438
384 392 231
385 386 257
385 389 180
386 387 349
387 388 391
388 390 180
389 390 997
390 391 469
391 392 445
392 393 176
393 394 290
394 395 360
395 396 512
396 397 353
397 398 332
398 399 384
399 400 228
400 401 454
1 3
4 0 1 31 30
6 1 2 23 33 32 31
4 2 3 24 23
7 3 4 16 27 26 25 24
5 4 5 18 17 16
6 5 6 19 38 37 18
4 6 7 20 19
6 7 8 14 22 21 20
4 8 9 15 14
7 9 10 39 48 47 29 15
5 10 11 41 40 39
5 11 12 62 61 41
4 12 13 63 62
5 14 15 29 28 22
6 16 17 44 43 42 27
7 17 18 37 49 56 55 44
6 19 20 21 46 45 38
7 21 22 28 51 65 64 46
7 23 24 25 36 35 34 33
5 25 26 86 85 36
6 26 27 42 72 87 86
6 28 29 47 53 52 51
6 30 31 32 59 58 57
6 32 33 34 78 77 59
6 34 35 83 82 81 78
5 35 36 85 84 83
5 37 38 45 50 49
7 39 40 60 93 92 71 48
4 40 41 61 60
5 42 43 54 73 72
4 43 44 55 54
6 45 46 64 67 66 50
5 47 48 71 70 53
7 49 50 66 89 88 75 56
6 51 52 68 80 79 65
5 52 53 70 69 68
6 54 55 56 75 74 73
6 57 58 76 101 100 99
4 58 59 77 76
7 60 61 62 63 95 94 93
8 64 65 79 114 113 112 91 67
5 66 67 91 90 89
5 68 69 116 115 80
8 69 70 71 92 96 118 117 116
7 72 73 74 123 122 107 87
7 74 75 88 108 128 127 123
7 76 77 78 81 103 102 101
4 79 80 115 114
5 81 82 105 104 103
5 82 83 84 106 105
6 84 85 86 87 107 106
7 88 89 90 111 110 109 108
4 90 91 112 111
6 92 93 94 98 97 96
5 94 95 121 120 98
6 96 97 119 135 134 118
4 97 98 120 119
4 99 100 138 137
6 100 101 102 140 139 138
7 102 103 104 124 142 141 140
8 104 105 106 107 122 126 125 124
5 108 109 146 145 128
5 109 110 148 147 146
7 110 111 112 113 129 149 148
9 113 114 115 116 117 132 131 130 129
5 117 118 134 133 132
5 119 120 121 136 135
7 122 123 127 155 154 153 126
6 124 125 152 151 150 142
4 125 126 153 152
5 127 128 145 156 155
6 129 130 159 158 157 149
6 130 131 162 161 160 159
6 131 132 133 143 163 162
6 133 134 135 136 144 143
6 137 138 139 175 174 173
5 139 140 141 176 175
9 141 142 150 177 186 209 208 207 176
6 143 144 172 171 170 163
7 145 146 147 166 180 179 156
7 147 148 149 157 168 167 166
5 150 151 164 178 177
6 151 152 153 154 165 164
7 154 155 156 179 185 184 165
5 157 158 197 196 168
6 158 159 160 199 198 197
7 160 161 169 182 201 200 199
5 161 162 163 170 169
9 164 165 184 192 191 190 189 188 178
4 166 167 181 180
6 167 168 196 195 194 181
5 169 170 171 183 182
6 171 172 205 204 203 183
5 173 174 206 215 214
5 174 175 176 207 206
5 177 178 188 187 186
6 179 180 181 194 193 185
5 182 183 203 202 201
6 184 185 193 220 219 192
6 186 187 235 234 233 209
5 187 188 189 236 235
5 189 190 242 241 236
4 190 191 243 242
5 191 192 219 244 243
7 193 194 195 216 232 231 220
7 195 196 197 198 218 217 216
7 198 199 200 210 225 224 218
7 200 201 202 213 212 211 210
7 202 203 204 223 222 221 213
5 204 205 230 229 223
6 206 207 208 227 226 215
7 208 209 233 254 253 249 227
6 210 211 257 256 255 225
5 211 212 237 258 257
5 212 213 221 238 237
6 214 215 226 247 251 250
7 216 217 267 271 270 246 232
5 217 218 224 268 267
8 219 220 231 245 266 265 264 244
5 221 222 228 239 238
4 222 223 229 228
5 224 225 255 269 268
5 226 227 249 248 247
5 228 229 230 240 239
4 231 232 246 245
6 233 234 281 280 279 254
7 234 235 236 241 263 282 281
9 237 238 239 240 262 261 260 259 258
6 241 242 243 244 264 263
6 245 246 270 286 285 266
7 247 248 252 277 276 275 251
4 248 249 253 252
4 250 251 275 274
6 252 253 254 279 278 277
6 255 256 288 287 273 269
6 256 257 258 259 289 288
6 259 260 317 316 307 289
4 260 261 318 317
5 261 262 320 319 318
5 263 264 265 283 282
5 265 266 285 284 283
6 267 268 269 273 272 271
9 270 271 272 290 303 302 301 293 286
5 272 273 287 291 290
6 274 275 276 296 295 294
6 276 277 278 300 299 296
7 278 279 280 297 309 308 300
8 280 281 282 283 284 292 298 297
5 284 285 286 293 292
6 287 288 289 307 306 291
6 290 291 306 305 304 303
8 292 293 301 315 314 313 312 298
6 294 295 321 337 336 335
5 295 296 299 322 321
6 297 298 312 311 310 309
5 299 300 308 323 322
6 301 302 331 330 329 315
7 302 303 304 324 346 345 331
5 304 305 326 325 324
7 305 306 307 316 328 327 326
7 308 309 310 341 340 339 323
4 310 311 342 341
5 311 312 313 343 342
6 313 314 349 348 347 343
7 314 315 329 362 369 368 349
8 316 317 318 319 334 333 332 328
5 319 320 372 371 334
6 321 322 323 339 338 337
6 324 325 350 366 365 346
5 325 326 327 351 350
6 327 328 332 353 352 351
5 329 330 344 363 362
4 330 331 345 344
6 332 333 370 400 399 353
4 333 334 371 370
5 335 336 359 377 376
7 336 337 338 354 361 360 359
6 338 339 340 356 355 354
8 340 341 342 343 347 358 357 356
6 344 345 346 365 364 363
7 347 348 367 394 393 375 358
4 348 349 368 367
6 350 351 352 398 397 366
4 352 353 399 398
6 354 355 381 388 387 361
7 355 356 357 373 383 382 381
5 357 358 375 374 373
4 359 360 378 377
5 360 361 387 386 378
6 362 363 364 380 379 369
6 364 365 366 397 396 380
6 367 368 369 379 395 394
5 370 371 372 401 400
4 373 374 384 383
5 374 375 393 392 384
5 376 377 378 386 385
4 379 380 396 395
5 381 382 391 390 388
5 382 383 384 392 391
6 385 386 387 388 390 389