62
91
30
2
0  7 
1  2  9 
2  3  12 
3  4  17 
4  5  19 
5  6  20 
6  24 
7  8  13 
8  9  10 
9  8  11 
10  11  14 
11  10  12 
12  11  16 
13  14  29 
14  13  15 
15  16  25 
16  15  26 
17  18  28 
18  19  21 
19  18  20 
20  19  22 
21  22  33 
22  21  23 
23  24  35 
24  23  36 
25  26  30 
26  25  27 
27  28  43 
28  27  31 
29  30  40 
30  29  42 
31  32  44 
32  33  45 
33  32  34 
34  35  37 
35  34  36 
36  35  39 
37  38  47 
38  39  48 
39  38  61 
40  41  52 
41  42  49 
42  41  43 
43  42  44 
44  43  45 
45  44  46 
46  47  51 
47  46  48 
48  47  56 
49  50  53 
50  51  54 
51  50  55 
52  53  57 
53  52  54 
54  53  58 
55  56  59 
56  55  60 
57  58 
58  57  59 
59  58  60 
60  59  61 
61  60 
1 37 
5 0 1 9 8 7 
5 1 2 12 11 9 
8 2 3 17 28 27 26 16 12 
5 3 4 19 18 17 
4 4 5 20 19 
6 5 6 24 23 22 20 
5 7 8 10 14 13 
4 8 9 11 10 
6 10 11 12 16 15 14 
6 13 14 15 25 30 29 
4 15 16 26 25 
7 17 18 21 33 32 31 28 
5 18 19 20 22 21 
6 21 22 23 35 34 33 
4 23 24 36 35 
6 25 26 27 43 42 30 
5 27 28 31 44 43 
5 29 30 42 41 40 
4 31 32 45 44 
7 32 33 34 37 47 46 45 
6 34 35 36 39 38 37 
4 37 38 48 47 
6 38 39 61 60 56 48 
5 40 41 49 53 52 
9 41 42 43 44 45 46 51 50 49 
6 46 47 48 56 55 51 
4 49 50 54 53 
6 50 51 55 59 58 54 
5 52 53 54 58 57 
0
20
1
2
3
5
4
6
8
7
9
10
11
12
13
14
15
16
17
18
21
22
23
26
25
19
9
24
21
29
